2.906626395445960576e+00
4.439118069462636207e+00
1.734164974424122763e+00
2.912233541817271565e+00
3.441709088026241758e+00
0.000000000000000000e+00
3.750000000000000000e+00
2.659436629499268179e+00
3.576378359960624032e+00
2.449341459254958941e+00
2.037711481596055307e+00
2.790620329770563846e+00
4.330127018922192761e+00
1.178511301977579251e+00
4.306795092233191902e+00
3.354101966249684708e+00
1.241144423583048439e+00
0.000000000000000000e+00
4.330127018922192761e+00
2.236067977499789805e+00
1.164198449745715180e+00
3.061862178478973018e+00
4.341215996607292738e+00
1.203469142044272022e+00
1.326394453539291085e+00
1.823853417893530171e+00
3.341542199014745584e+00
2.824029715704297505e+00
1.006190953107189312e+00
3.098347927509970123e-01
2.297053345573491168e+00
2.820462621590805519e+00
2.738612787525831038e+00
1.118033988749894903e+00
9.393464718773287814e-01
2.427467724893712209e+00
2.889606828076310308e+00
6.328783317939516984e-01
3.257973662043835983e+00
1.492936083852540285e+00
4.082482904638630394e+00
4.472135954999579610e+00
2.475128537509893256e+00
1.711080795329007254e+00
1.062000190646436248e+00
1.000000000000000000e+00
8.117055528023902067e-01
3.287635786928528425e+00
0.000000000000000000e+00
2.719951016932741883e+00
9.377372519341348189e-01
1.862834018722099083e+00
3.246486857017505834e+00
1.375836765848723386e+00
3.109004083346433855e+00
3.452733306857976192e+00
9.173837078420170599e-01
3.438422478079204758e+00
3.257639221555516329e+00
1.489782771307433196e+00
1.183449227799504122e+00
1.867202851883034143e+00
2.223637188078614990e+00
2.656873040592471202e+00
2.738612787525831038e+00
2.500000000000000000e+00
2.347338980976158673e+00
2.867384800630303765e+00
2.229685563736057308e+00
0.000000000000000000e+00
2.717640011787020971e+00
3.060595414916509327e+00
3.841896216598728486e+00
2.500000000000000000e+00
2.463528089658138853e+00
3.475121468931092750e+00
3.362604661172423626e+00
2.634649703699825096e+00
2.189848466925367276e+00
1.832157423248383932e+00
4.393106551088083123e+00
4.414944871336250465e+00
3.228250846535795304e+00
9.537699933986611978e-01
3.181785490443689302e+00
0.000000000000000000e+00
4.330127018922192761e+00
3.773542123994515052e+00
2.660685223280961686e+00
2.855144320843287176e+00
1.748897357865194513e+00
2.440186276840090152e+00
1.637005890121205898e+00
1.923478559215843653e+00
2.886751345948128655e+00
2.488578878078270051e+00
3.804957133583078743e+00
1.779523006139393848e+00
3.273285338554298818e+00
2.060753488555878477e+00
9.578391639729102458e-01
2.765074598731475763e+00
1.524213794543094469e+00
2.487308904861791792e+00
0.000000000000000000e+00
3.690901813135740284e+00
5.072808040484784176e-01
3.651483716701107607e+00
8.123720225099285708e-01
2.429851209841086934e+00
1.154552351750602002e+00
1.974483878460886688e+00
2.853457477043827240e+00
4.517373447542728293e+00
2.708524946633133368e+00
3.053757775252555540e+00
0.000000000000000000e+00
3.061862178478973018e+00
2.371422220325031915e+00
2.615210227858949743e+00
2.946571508257560534e+00
4.542135062390047828e+00
4.542135062390047828e+00
4.472135954999579610e+00
1.763007485057512591e+00
0.000000000000000000e+00
1.329862510530797959e+00
2.462967977567851463e+00
2.614680527959567513e+00
0.000000000000000000e+00
3.145329789118978425e+00
4.451141118929999863e+00
7.313869351474069358e-01
1.345595362318570576e+00
2.983292873224665520e+00
9.311218033242657510e-01
3.576868118881582959e+00
2.576643248041237122e+00
2.652083328647485416e+00
1.118033988749894903e+00
1.580956167300200610e+00
3.376212011411381386e+00
2.468041208477981474e+00
3.044157771392717482e+00
3.532164069057821099e+00
3.581394053894469298e+00
1.007774747357736311e+00
2.740423765063495054e+00
4.400306241646953609e+00
8.870707640528974203e-01
2.172027147809813652e+00
2.485676229291071682e+00
1.395244380622444602e+00
4.173040202641945307e+00
4.331231618985603937e+00
2.231741599940361365e+00
3.567206485218529011e+00
2.787823861293312167e+00
0.000000000000000000e+00
2.500000000000000000e+00
2.079339750637178241e+00
7.363895373271485134e-01
4.472135954999579610e+00
1.421700951482116393e+00
3.362210882712645343e+00
0.000000000000000000e+00
2.886751345948128655e+00
2.344994412002471051e+00
2.981451475018487951e+00
2.500000000000000000e+00
1.534586516752420415e+00
1.118033988749894903e+00
0.000000000000000000e+00
2.967388556549429346e+00
1.010827188483273797e+00
9.269259296916063651e-01
3.538089939566411157e+00
5.376399221679462048e-01
0.000000000000000000e+00
4.440196438336220908e+00
3.144804513660193646e+00
4.066358202901846575e+00
4.126198184998608909e+00
2.577575037403945668e+00
2.843990449708453827e+00
3.535533905932737309e+00
4.518945775729800829e+00
4.268585796228939522e+00
1.242834446433553675e+00
4.275909263037670272e+00
3.142661960728878157e+00
3.845690086224808013e+00
1.125487948359685353e+00
3.125000000000000000e+00
9.441315288122464899e-01
3.231492953222681486e+00
2.500000000000000000e+00
1.812279196183372854e+00
2.738612787525831038e+00
4.056917886935301532e+00
0.000000000000000000e+00
8.624458342896680341e-01
1.819971940858951864e+00
2.901953836417813015e+00
2.129652460584409379e+00
3.306965173087580645e+00
3.069173033504840831e+00
2.549452283354966653e+00
0.000000000000000000e+00
5.371578354802504229e-01
4.257527894226361909e+00
1.717774817478543437e+00
0.000000000000000000e+00
2.677508698610096438e+00
1.178511301977579251e+00
0.000000000000000000e+00
3.428403233332368405e+00
3.416360806996801003e+00
1.118033988749894903e+00
8.548312246737954645e-01
1.143530540853186839e+00
1.656481719857336943e+00
2.871418603654941393e+00
2.954203995285655804e+00
1.584765082285230609e+00
2.160107203629356931e+00
2.630543577036836389e+00
3.115409917275547613e+00
3.523109731008229772e+00
2.868507310054622561e+00
2.772200951596954788e+00
1.580055889609506492e+00
1.864873680937648492e+00
3.707703718766425460e+00
3.103771349420111569e+00
4.564354645876384176e+00
2.810243939508718647e+00
3.572540318525653902e+00
4.472135954999579610e+00
2.223637188078614990e+00
2.460906826048100626e+00
2.312159569979612250e+00
1.086876631683016736e+00
6.578218158927529036e-01
3.170327054698249380e+00
0.000000000000000000e+00
4.542135062390048716e+00
2.500000000000000000e+00
3.353863656601733467e+00
1.597552240143614632e+00
3.068660806407210284e+00
3.055364999396398940e+00
0.000000000000000000e+00
2.139333185964697570e+00
3.405181071350298350e+00
3.662671860606492302e+00
2.410719326006703245e+00
1.179178537488792866e+00
4.564354645876384176e+00
2.981451475018487951e+00
1.998578362187996671e+00
2.987652978542144844e+00
2.775088260679218877e+00
2.500000000000000000e+00
9.420289954927905107e-01
2.412290971392568650e+00
0.000000000000000000e+00
0.000000000000000000e+00
1.550662819591383856e+00
2.500000000000000000e+00
2.172322694938325860e+00
0.000000000000000000e+00
1.395934925564856766e+00
4.432555021901162462e+00
3.106741771048993073e+00
1.286349369015396871e+00
0.000000000000000000e+00
2.232885386553549623e+00
1.047999871449976528e+00
2.037124000029569615e+00
2.216780578855718886e+00
1.196656229621139378e+00
3.697716663913264590e+00
1.443375672974064328e+00
3.083928245774263832e+00
9.841720436304326469e-01
4.166666666666666075e+00
2.614680527959567513e+00
3.470465224021035855e+00
2.593500838493567606e+00
3.166280094945113532e+00
1.792149214177339855e+00
1.754858121206843924e+00
4.274244018896634634e-01
3.393813030726475777e+00
1.666666666666666963e+00
4.163754807673813119e+00
2.116665858490375030e+00
0.000000000000000000e+00
0.000000000000000000e+00
2.614076976947605768e+00
2.149966288555016813e+00
4.461221493486602796e+00
2.990139242013831744e+00
3.948305258388021155e+00
1.853417004784955191e+00
3.149323588540417607e+00
5.000000000000000000e+00
0.000000000000000000e+00
2.390384350766579846e+00
4.330127018922192761e+00
1.929589257654760193e+00
2.445316484671193891e+00
2.772823667460018182e+00
1.043696960613733182e+00
2.946217866604005753e+00
2.314959304716988964e+00
2.165058411608428379e+00
3.119615178198269057e+00
2.500000000000000000e+00
1.772511679053049072e+00
3.158010510687001116e+00
2.661906346290789926e+00
2.752682733287117767e+00
3.115840445682089843e+00
2.170233064626159614e+00
0.000000000000000000e+00
0.000000000000000000e+00
2.404552855196420591e+00
8.003727587667003318e-01
3.370098045690429700e+00
1.291204757836343919e+00
3.880974912323225556e+00
0.000000000000000000e+00
3.242294837439940736e+00
1.970019073774264218e+00
1.024549551245605539e+00
4.414944871336250465e+00
2.218871964079798698e+00
3.700551845673119011e+00
0.000000000000000000e+00
3.187683999998671691e+00
2.266328050537183891e+00
3.167304879538441309e+00
1.911013534996198970e+00
1.630652894658960239e+00
3.203296223488631966e+00
8.840196065375484080e-01
3.726779962499649379e+00
8.254838900693859394e-01
1.191025610471835972e+00
3.898391742949858685e+00
1.635237500608475170e+00
4.432555021901162462e+00
2.865863989955876878e+00
2.073865546343161892e+00
1.118033988749894903e+00
3.839599909450293058e+00
2.250268404754555807e+00
2.992568567695350623e+00
2.651650429449552870e+00
2.500000000000000000e+00
3.664832203370820274e+00
2.171499612093792830e+00
1.093397498889842501e+00
3.059478590958552680e+00
2.693012292246067751e+00
2.295189997049631447e+00
1.250000000000000000e+00
3.173928269310845707e+00
4.442703915839769091e-01
4.581481201040285889e+00
3.279818152859995006e+00
2.555182560250207402e+00
2.581988897471611644e+00
3.922020791939351270e+00
9.133667674617411691e-01
3.471352227590140949e+00
3.616078989010055089e+00
2.343389926438095738e+00
4.494765238540637142e+00
7.763495246811759065e-01
3.598501022848746178e+00
1.197671947942927861e+00
2.863898218564232323e+00
3.446886931088346984e+00
0.000000000000000000e+00
3.269183761700293456e+00
1.545380636070829761e+00
2.709156471077372785e+00
1.462397053692436444e+00
4.472135954999579610e+00
1.173108603693829188e+00
6.647364832455483485e-01
3.922020791939351270e+00
0.000000000000000000e+00
8.206465005153879000e-01
0.000000000000000000e+00
9.610649244721578555e-01
0.000000000000000000e+00
3.750000000000000000e+00
2.840392999371336824e+00
0.000000000000000000e+00
1.611533092772664322e+00
4.558664864029535302e+00
2.887646996049861858e+00
0.000000000000000000e+00
0.000000000000000000e+00
1.716429954371758493e+00
9.841720436304326469e-01
1.944013378727870389e+00
3.750000000000000000e+00
1.797852024709688745e+00
1.513059398730671301e+00
5.700698026764257076e-01
2.656890466930097006e+00
1.908211714543123438e+00
3.298769115141013675e+00
1.717774817478543437e+00
2.450068807514936609e+00
2.538608701676579482e+00
2.661906346290789926e+00
2.011750692236425220e+00
3.820710611414802393e+00
3.747125800479112812e+00
3.728434389395725468e+00
0.000000000000000000e+00
5.535388382300276966e-01
1.666666666666666963e+00
2.886751345948128655e+00
3.704804364605864375e+00
2.126185444620966258e+00
1.635975149440721754e+00
2.653519789132564810e+00
3.707541250580457692e+00
0.000000000000000000e+00
8.061916580993310211e-01
1.754601674597447314e+00
3.941153846925937732e+00
6.688219447933878570e-01
2.172322694938325860e+00
4.147846123508686089e-01
3.665106452835691808e+00
1.326368600715730262e+00
3.315951092093605279e-01
2.313360010292538238e+00
1.287394464120546145e+00
3.572216225470288276e+00
1.228814357038026994e+00
0.000000000000000000e+00
4.166666666666666075e+00
3.953071488443704151e+00
2.302584730103894195e+00
2.572737811374559591e+00
1.310194469352671032e+00
3.857355782594626969e+00
7.644555714878189523e-01
0.000000000000000000e+00
2.129652460584409379e+00
3.106741771048993073e+00
1.880113504337811436e+00
3.354101966249684708e+00
2.518633224576374730e+00
0.000000000000000000e+00
1.666666666666666963e+00
1.460722620752684886e+00
5.000000000000000000e+00
3.616078989010055089e+00
3.354101966249684708e+00
4.092300463086241180e+00
3.061862178478973018e+00
3.616078989010055089e+00
4.251059245076350912e+00
2.886751345948128655e+00
2.033896385397228723e+00
3.299923621370752791e+00
2.523314624583971710e+00
2.834276657067823280e+00
2.090217470744839989e+00
2.581988897471611644e+00
1.358603967465352724e+00
1.811388605061267310e+00
6.142888541138276093e-01
1.056214622115587920e+00
3.153480073775069670e+00
3.683232437358046507e+00
2.231741599940361365e+00
2.016837119723658756e+00
6.892701590512149146e-01
4.257897463860294884e+00
5.000000000000000000e+00
1.346854159008082918e+00
8.668767257824481209e-01
1.032092594615770631e+00
2.618366167368240571e+00
3.306145549880033396e+00
1.638765343784151174e+00
2.892398575572697084e+00
4.375410180829369722e+00
2.229499029537941102e+00
2.668170746280854821e+00
3.393642698915343203e+00
2.897734086001577669e+00
0.000000000000000000e+00
4.113394602980564585e+00
1.420562641232482548e+00
2.633755049799682002e+00
9.347736704686280262e-01
2.186419523158785516e+00
3.835797972945542700e+00
2.503862636962814303e+00
3.000000000000000000e+00
4.451141118929999863e+00
3.333333333333333925e+00
4.161579265375364045e+00
1.957843474492424907e+00
1.767766952966368654e+00
2.959922648652446142e+00
1.876189655782236620e+00
2.000000000000000000e+00
4.886619426430027224e-01
1.095138668816683980e+00
3.683232437358046507e+00
2.190501013973423561e+00
4.204497433249539284e+00
3.362735621944568543e+00
1.692327469428468234e+00
1.068636397098658541e+00
1.133860997606174870e+00
3.451285677068773428e+00
2.037124000029569615e+00
2.128934313945408441e+00
1.138786935665600630e+00
3.694193110892769027e+00
1.029002503920210199e+00
2.281541992796075835e+00
2.579867302336984025e+00
1.862355404593080133e+00
3.177358908494978706e+00
4.361491288612409534e+00
1.041583099941190582e+00
3.742150768940888383e+00
2.881422162449046809e+00
2.182178902359924066e+00
3.869356984323099713e+00
3.876191411417164279e+00
1.946332489206570315e+00
3.382881094730993965e+00
9.669902447669630474e-01
1.248297793768066599e+00
3.750000000000000000e+00
2.868371067647401684e+00
4.224380549006937713e+00
3.757385887509315125e+00
2.482288847166096879e+00
1.029002503920210199e+00
3.341855091862829141e+00
1.978989118970491123e+00
4.275909263037670272e+00
4.010710583148808794e+00
1.071238755545942167e+00
9.425363883630966111e-01
9.763522289967099255e-01
2.312272319692779021e+00
9.321051338080783566e-01
0.000000000000000000e+00
3.506538625073348570e+00
2.614680527959567513e+00
1.018562000014784807e+00
1.138786935665600630e+00
9.508775991875840772e-01
2.121099968718143547e+00
8.244481098159939236e-01
4.399288667668460384e+00
3.895461396952994093e+00
7.883640331305287186e-01
7.478660287125082906e-01
3.491483497584349394e+00
2.060324191087438805e+00
1.926583735469010072e+00
9.538732727842379466e-01
3.482852906573185692e+00
1.443375672974064328e+00
3.416360806996801003e+00
8.538028426399991710e-01
3.510102366679954233e+00
3.107566455319509480e+00
2.629088591151305998e+00
3.182134318088591485e+00
3.651854567398948870e-01
2.037124000029569615e+00
8.400025213970341298e-01
2.734803445982939785e+00
2.425018673633050625e-01
1.165396153653642797e+00
3.606037875103036416e+00
0.000000000000000000e+00
3.528947885645374871e+00
3.539548074346454243e+00
3.418290098646918462e+00
3.451379321674625800e+00
3.944980707924796270e+00
8.021083572576501730e-01
3.328226721058655357e+00
3.725718999792005270e+00
1.434672698944069236e+00
2.558415707878862300e+00
3.359173081234935410e+00
1.018562000014784807e+00
3.428007674574451435e+00
3.077194073475918445e-01
2.850522084169030634e+00
2.578192577071644287e+00
3.656680005146268897e+00
1.175860557919527594e+00
1.290994448735805822e+00
1.908769521341958653e+00
2.738612787525831038e+00
0.000000000000000000e+00
3.856007988221265670e+00
2.959088892265338444e+00
1.923982889352014336e+00
4.415344246574445464e+00
4.082482904638630394e+00
2.410719326006703245e+00
4.374300072812740581e+00
2.183865524349855036e+00
3.449192671823296585e+00
0.000000000000000000e+00
3.908324020004118715e+00
2.767065470090007473e+00
2.558415707878862300e+00
1.726883691481316818e+00
3.234902930291165379e+00
1.723933460524150085e+00
3.589968688863418134e+00
3.496038322449908531e+00
3.739094681874512105e+00
0.000000000000000000e+00
3.198470042586011974e+00
1.557178853133844854e+00
3.075991805405684065e+00
2.346217207387658377e+00
2.809777809224764500e+00
2.705108864551879044e+00
2.132820342379924128e+00
3.776851206284788987e+00
2.004570269219478451e+00
2.988795790935577124e+00
2.775148639824247532e+00
2.475128537509893256e+00
9.680649705303030483e-01
4.158397390007383621e+00
1.854116613273176561e+00
2.331474756336734622e+00
3.017050341329338359e+00
2.529428018985884652e+00
3.072128217032652042e+00
3.023356591368861590e+00
1.550619997807918260e+00
0.000000000000000000e+00
1.428263645026554896e+00
3.354101966249684708e+00
3.832966554847182294e+00
2.321480323815803715e+00
4.330127018922192761e+00
3.285744965276356400e+00
4.775192071859293286e+00
3.651483716701107607e+00
3.571428571428571175e+00
3.380617018914066740e+00
7.771136841989506605e-01
4.166666666666666075e+00
3.333333333333333925e+00
4.437552281745376526e+00
3.171686035238571844e+00
3.651483716701107607e+00
4.271061631318176843e+00
4.123345479009239867e+00
1.443375672974064328e+00
3.620656035160221276e+00
1.328525684085565928e+00
3.601854467621276257e+00
2.454291271124158236e+00
1.735079799888541663e+00
1.601695158457884904e+00
3.278711030380137004e+00
3.934744605636961712e+00
2.738612787525831038e+00
1.398210274682079923e+00
2.061205236195781332e+00
4.018427915320626376e+00
2.751499877735185784e+00
2.094289415476887406e+00
2.386145686599459914e+00
2.760463851048411410e+00
1.426269659677332324e+00
3.635419635783295966e+00
2.591071843654766393e+00
4.235673859816873943e+00
2.176446263110114909e+00
4.431305992928483484e+00
3.000000000000000000e+00
3.138708128001803210e+00
1.118033988749894903e+00
2.911159051294498479e+00
0.000000000000000000e+00
3.000000000000000000e+00
3.694946481739000421e-01
4.082482904638630394e+00
2.886568806558493794e+00
2.749863036600775246e+00
0.000000000000000000e+00
3.280820568029627182e+00
0.000000000000000000e+00
1.481480703616117056e+00
9.627952441629559210e-01
3.364217961465949980e+00
2.924787251298219370e+00
2.494537102608042289e+00
2.538491204142702351e+00
5.000000000000000000e+00
0.000000000000000000e+00
2.288316575008152221e+00
1.925355512278110970e+00
0.000000000000000000e+00
2.474404152673497226e+00
2.289831081260877532e+00
3.786964313563992768e+00
2.452579768182479913e+00
2.679845900689294513e+00
2.886751345948128655e+00
1.302773568415013239e+00
2.912879458489406659e+00
2.361905190334067761e+00
3.876191411417164279e+00
2.319539069412864585e+00
4.472135954999579610e+00
3.762063359177872268e+00
2.631438906639922415e+00
4.606446303166435108e+00
3.872983346207417021e+00
1.291859162375091685e+00
1.883434263776462503e+00
3.218861313526270695e+00
1.565878589688482814e+00
1.013506953518580556e+00
3.750000000000000000e+00
3.000000000000000000e+00
1.885625386869683506e+00
