0.000000000000000000e+00
2.110164309102234625e+00
3.076043604305036094e+00
2.351474446772112259e+00
4.178012730339111691e+00
3.143613214199292738e+00
0.000000000000000000e+00
3.580190490687989335e+00
2.097380323162323368e+00
3.044432522221298232e+00
0.000000000000000000e+00
1.936886826559610641e+00
1.427157878909371291e+00
3.441296612322175985e+00
2.733448991910885972e+00
8.879452179138387635e-02
2.546854757216108212e+00
1.757475654286188682e+00
1.486693927908959711e+00
4.858532930737401223e+00
1.254605067253565798e+00
2.471140230904502744e+00
3.459529184180982764e+00
3.790229897799336278e+00
4.363491479754360469e+00
1.655243799808061356e+00
1.308713158491962014e+00
1.476709189080649409e+00
1.761875569304830691e+00
3.797113067760096161e+00
9.299080054823006813e-01
2.427374239572740677e+00
1.197338142400546035e+00
4.413067602508967013e+00
3.754715090954213075e+00
1.849287395911924925e+00
1.316784922665555690e+00
3.824574790197096785e+00
3.381784090973724677e+00
4.344215749744475552e+00
2.598532027881418571e+00
1.064420896521281135e+00
2.011995339787838954e+00
1.323778776872516882e+00
3.013501670080656503e+00
2.406193929406549525e+00
2.832382793534212073e+00
5.000000000000000000e+00
3.171014872438093768e+00
4.161865783170099142e+00
0.000000000000000000e+00
1.279852246489024070e+00
3.282091319411046815e+00
2.870598193869106751e+00
2.862885280903523899e+00
0.000000000000000000e+00
1.801320336908949438e+00
1.981782317232436696e+00
2.794369086712580330e+00
4.040395083211679506e+00
1.286774876789261501e+00
9.768172920044121410e-01
2.829518020115590282e+00
3.470499613533100991e+00
4.306567676852901982e+00
0.000000000000000000e+00
3.337557073389620932e+00
4.154736705989797940e+00
1.804032209560722189e+00
3.294964270722932298e+00
2.554349436754554947e+00
2.680080753071446331e+00
1.678988234529697365e+00
3.606494919317924097e+00
5.000000000000000000e+00
9.826615384968035993e-01
3.152134299798073691e+00
2.326636114393309640e+00
3.697913614810061311e+00
2.646739948987510527e+00
0.000000000000000000e+00
1.495169017022741409e+00
3.452557219319402293e+00
2.093896628255354386e+00
4.953507442550169948e+00
0.000000000000000000e+00
3.259082413049096405e-01
2.501384488095939052e+00
4.539820949161389230e+00
1.736818755000653303e+00
1.181033575796052837e+00
2.160299157470040310e+00
1.103562322413011332e+00
4.720568910773640603e+00
3.632397664531065828e+00
1.824167522746475534e+00
0.000000000000000000e+00
3.007181316507510527e+00
4.163450637400637255e+00
3.317583856774126261e+00
0.000000000000000000e+00
8.001024529033906596e-01
3.323467022762164547e+00
2.607502955563159475e+00
3.806730242682705434e+00
0.000000000000000000e+00
1.669324731152400876e+00
2.876620043269308979e+00
3.397358794249752734e+00
3.043115360601674091e+00
0.000000000000000000e+00
2.650941985168131065e+00
3.522552310241887419e+00
2.826167605100041946e+00
3.484145592337204445e+00
1.428430399407406348e+00
1.547590596726503565e+00
1.916895628068802093e+00
2.143422601351726797e+00
4.471334491199372430e+00
1.731190053109051830e+00
1.940994776010225298e+00
3.036978042657627608e+00
4.075888925527754836e+00
4.257355410720239597e+00
1.390654138374570747e+00
5.829090464491705204e-01
1.138631317769483342e+00
3.253075271234044941e+00
5.000000000000000000e+00
6.404018256244325968e-01
0.000000000000000000e+00
3.928579584481191045e+00
3.223429182316275732e+00
4.637995361718050269e+00
2.935152297306510949e+00
1.293278521503427481e+00
1.933405062129450069e+00
3.467597554701107754e+00
3.377018030198963405e+00
7.389331334926494410e-01
1.529290958211797280e+00
4.483543032378597637e+00
2.563968069542703176e+00
4.187827302113928063e+00
1.243296564531296777e+00
1.329870537038487788e+00
0.000000000000000000e+00
2.659779116353241157e+00
2.883121466541769706e+00
1.033461468945428896e+00
1.945454109722332792e+00
3.810759205506315528e+00
2.968815012341701198e+00
3.919674651808802146e+00
0.000000000000000000e+00
2.100470278604308128e+00
2.180938956384571803e+00
1.698025119210533340e+00
3.851339784016522216e+00
2.012552362411006879e+00
3.772648813067713824e+00
2.184600124511500319e+00
3.740272905130767711e+00
4.153978265911702827e+00
0.000000000000000000e+00
1.454026121913637726e-01
3.396279355281635493e+00
3.787630440675549437e+00
4.237451104452614636e+00
0.000000000000000000e+00
1.340032488846857550e+00
2.416215402711073601e+00
3.429410172595103834e+00
2.849882114895366136e+00
0.000000000000000000e+00
2.482498552663863656e+00
2.050837847344516796e+00
3.834451961800157793e+00
4.290758666164615320e+00
5.094375043950045701e-01
1.819684059692546985e+00
3.255058781573763049e+00
2.878924206594356328e+00
4.433914052669429395e+00
5.490919676123202225e-02
8.306092331923478067e-01
1.817763784063869625e+00
2.342200658539239200e+00
4.209342196465972741e+00
0.000000000000000000e+00
1.506002838027933111e+00
2.818341420531933483e+00
2.459461240230282453e+00
4.207260642059726052e+00
7.739294200411185320e-01
0.000000000000000000e+00
1.190267959642401951e+00
3.617460243248507012e+00
2.752433898082289776e+00
2.811870451746734112e+00
1.551907760273186554e+00
1.066623496875721777e+00
4.030824353723000186e+00
4.970293720729390685e+00
9.884246370729926623e-01
3.646856891304319337e+00
9.611990783982132802e-01
4.476136577521761417e+00
3.451123601288212051e+00
0.000000000000000000e+00
2.527839203106086785e+00
1.273396443612109685e+00
4.081444302942270674e+00
4.515623486101340234e+00
0.000000000000000000e+00
2.871283092154602201e+00
1.797268199511616649e+00
4.498521907256924024e+00
4.209247687474432453e+00
3.090798984480124467e+00
1.706743444597485393e+00
3.344014092906158808e+00
2.430014728891545683e+00
4.277706976009419293e+00
0.000000000000000000e+00
2.154996175948717951e+00
3.537562725783935935e+00
3.242727353664356826e+00
3.537894054068314809e+00
8.154409225730336885e-01
8.478757569588121767e-02
2.233506061848214763e+00
2.369059788056434357e+00
3.972822549126266534e+00
0.000000000000000000e+00
1.379957645217315454e+00
3.619767614159511204e+00
4.198144111462009498e+00
4.448843580478553328e+00
1.172688115860536451e+00
1.363676677439744633e+00
4.080526519666488383e+00
2.937325235651472077e+00
4.043005570481218669e+00
0.000000000000000000e+00
0.000000000000000000e+00
2.554893449309027620e+00
3.245203571272710086e+00
4.145386016834936349e+00
1.526154673150613039e+00
0.000000000000000000e+00
3.296712966899387531e+00
4.658981846548426731e+00
3.311198676265903362e+00
9.241213549092430757e-01
1.932948118096875501e+00
2.754729183878846133e+00
3.853690174290567594e+00
2.733448991910885972e+00
0.000000000000000000e+00
1.404888632834673690e+00
2.739496489960063119e+00
2.442162164564156246e+00
3.675860856964362711e+00
3.857217443635677645e-01
2.035831177346611121e+00
2.008048298426288625e+00
4.314703431257220778e+00
3.628849411632843136e+00
0.000000000000000000e+00
2.183182154410548304e+00
1.158899641375452871e+00
2.972922758461595372e+00
3.329979587491366466e+00
0.000000000000000000e+00
1.184543104427071336e+00
1.272427877828745224e+00
1.588575737574373870e+00
4.497539593426883364e+00
9.885788342608508028e-01
2.062232255850617424e+00
2.520718604981339261e+00
3.807392545180382726e+00
6.240779155327408345e-01
1.121297172883520155e+00
8.201196616565589181e-01
1.539865850091499899e+00
4.261971203628413640e+00
4.809242650711009759e+00
2.501278656101145081e+00
7.296583314894822259e-01
3.504677641451753978e+00
1.729862074847400955e+00
4.019523483835650168e+00
6.420296651881201022e-01
1.855677838792784973e-01
4.656392586915296228e+00
1.462131695989238089e+00
4.414260937549673081e+00
0.000000000000000000e+00
1.517666724525458921e+00
1.438648494689048096e+00
3.693679765966426665e+00
4.608120565334178131e+00
1.057251727447931833e+00
3.222217326511711555e+00
3.772648813067713824e+00
3.480202962245133591e+00
4.482858211965191408e+00
0.000000000000000000e+00
0.000000000000000000e+00
1.872892263823539016e+00
4.386433952190249563e+00
4.585345958183254744e+00
6.759053116204237766e-01
1.215348852469639640e+00
2.773290109436791884e+00
3.885719942831852958e+00
4.333526963137521726e+00
9.829288583511229804e-01
1.523789852260543753e+00
3.276498842484863339e+00
4.094124436248669063e+00
3.280821216308112298e+00
1.235414850131830056e+00
2.625021646615556925e+00
4.040206805082162234e+00
3.597108093973464094e+00
3.741605119595897477e+00
1.078498080685537097e+00
1.222979250379035099e+00
2.848525948136255259e+00
3.928435593454929098e+00
4.255977154507604610e+00
2.500288729827284673e+00
9.645601052115466700e-01
1.505511934768626769e+00
3.061548482462939091e+00
4.562061650901682697e+00
1.215440569935701376e+00
1.024275379929980190e+00
1.589103975785685297e+00
4.055347341074506673e+00
4.029262261090203801e+00
1.005585068876357679e+00
3.344484109169431729e+00
2.733448991910885972e+00
4.034310765043422009e+00
3.869059459806884149e+00
0.000000000000000000e+00
1.013936073819325712e+00
8.858161690576139558e-01
2.480917039286461900e+00
0.000000000000000000e+00
2.819703891669331774e-01
1.956081999153125084e+00
2.014669382041990087e+00
0.000000000000000000e+00
1.590908625330725856e-01
3.219566969044040050e+00
3.033128910576768256e+00
5.991788492647658337e-01
2.157753345830123737e-01
5.443336031249348395e-01
1.997232609572154871e+00
0.000000000000000000e+00
1.722154750792192490e-01
0.000000000000000000e+00
4.311298293730938980e+00
1.174760775619254904e-01
0.000000000000000000e+00
1.681605741512298136e-01
4.106658107456311879e-01
0.000000000000000000e+00
1.299708299879553108e-01
7.954652959761787656e-01
2.704504223061982238e+00
2.066897549132602763e-01
0.000000000000000000e+00
0.000000000000000000e+00
4.041422038335594991e+00
0.000000000000000000e+00
1.090553422198891953e+00
1.786519627007624234e+00
3.977041541453991247e+00
7.648478602546338045e-02
0.000000000000000000e+00
1.863560729484352030e-01
4.127398990803442302e+00
1.129806028208926172e-01
9.922314245593631954e-01
1.534441097435707668e+00
4.201956467519086580e+00
2.074323005786353757e-01
0.000000000000000000e+00
2.365314312110514905e+00
2.779716391430815836e+00
0.000000000000000000e+00
0.000000000000000000e+00
0.000000000000000000e+00
3.471702293734375111e+00
1.057281315190165133e-01
1.073280920399093841e+00
1.491757611692510643e+00
3.450501268837165458e+00
7.891686236181583158e-02
1.959402832512162407e+00
1.598462541824483552e-01
2.850727533320323470e+00
0.000000000000000000e+00
6.705929734885831550e-01
4.932078019641547018e-01
4.209247687474432453e+00
0.000000000000000000e+00
4.991799609862818121e-01
5.509248347031933113e-01
3.672092392571957742e+00
0.000000000000000000e+00
0.000000000000000000e+00
1.607863163902975012e+00
4.201956467519086580e+00
0.000000000000000000e+00
0.000000000000000000e+00
4.335810732398543976e+00
3.329979587491366466e+00
0.000000000000000000e+00
0.000000000000000000e+00
2.052383552129934396e-01
2.135558513375201084e+00
0.000000000000000000e+00
1.189783116650865030e-01
5.916930444260967148e-01
4.637995361718050269e+00
1.507557172085948749e-01
2.358125366800749134e+00
5.697756015804384955e-01
3.977041541453991247e+00
1.590676149805239359e-01
4.255944802249949088e-01
3.064384079889789447e+00
2.087885512760937257e+00
0.000000000000000000e+00
2.737453208294011175e-01
1.911182240033708624e-01
3.489459768153515551e+00
9.191497264133076384e-02
1.857390394941372258e-01
1.809669486410876660e+00
3.815473525005199207e+00
6.903481419734798230e-01
5.480681383826960795e-01
5.756299983877588566e-01
3.922254749023448728e+00
0.000000000000000000e+00
4.980815018341522293e-01
1.083851570917435891e+00
7.893902192222118641e-01
0.000000000000000000e+00
0.000000000000000000e+00
1.516281884098735988e+00
4.454469921723877235e+00
3.155112300245205281e-01
0.000000000000000000e+00
3.273548895679090798e+00
3.017341570919968685e+00
0.000000000000000000e+00
8.100190481489542016e-01
1.220250164985318575e+00
3.869059459806884149e+00
0.000000000000000000e+00
2.356409922317661554e+00
4.843703229220299722e-01
1.733733533164354634e+00
0.000000000000000000e+00
2.237001361980867076e-01
6.638282929184091685e-01
4.637995361718050269e+00
0.000000000000000000e+00
3.284653053304265602e-01
3.495491644999296987e+00
4.826326074145236511e+00
5.028768536527901123e-01
1.528315813231150566e-01
8.676037874850762721e-01
3.861296690180593849e+00
7.773758311923503750e-02
1.765465111906178164e+00
1.454931863237389322e+00
3.470304736404744794e+00
9.114237147093513514e-01
0.000000000000000000e+00
1.786519627007624234e+00
1.855053771765253323e+00
0.000000000000000000e+00
3.458344924486809635e+00
1.120331780642743968e+00
3.922254749023448728e+00
0.000000000000000000e+00
8.829337811710988859e-01
3.834451961800157793e+00
3.959976676183236677e+00
0.000000000000000000e+00
1.012642578560689399e+00
5.200278519614912609e-01
4.543118843624494474e+00
0.000000000000000000e+00
1.346704615932235449e-01
6.638282929184091685e-01
2.741353244212638707e+00
0.000000000000000000e+00
0.000000000000000000e+00
5.441621661538421639e-01
1.997232609572154871e+00
1.662624794346614643e-01
1.193072043357248785e-01
3.654747266966945629e-01
4.288365471355799485e+00
9.710467101406625168e-02
1.005236976336053578e-01
1.034316985744334394e+00
4.311298293730938980e+00
0.000000000000000000e+00
7.521604598081219062e-02
2.507331245930465968e+00
4.604929681572899725e+00
0.000000000000000000e+00
0.000000000000000000e+00
2.980889968101201881e-01
4.542348853955703314e-01
5.764139932428330448e-01
8.411288069840234805e-01
1.600125533617806850e+00
4.686390721344711352e+00
0.000000000000000000e+00
0.000000000000000000e+00
1.795107059062084343e+00
3.208730416286172282e+00
9.448865192828190263e-02
6.710517009813064815e-02
2.115743359762674913e+00
1.463726301718375700e+00
1.122039127640794137e-01
1.241095927639118829e-01
1.951240815070261481e-01
3.045476550473622090e+00
0.000000000000000000e+00
1.008967163742093831e-01
2.555507738572457832e+00
4.674966891848086448e+00
2.713949904254602807e-01
1.149029926518686795e-01
9.992637774230004322e-01
3.653649346707441126e+00
8.582014784308615585e-02
1.470865886847086690e-01
1.264434096644802219e+00
3.672092392571957742e+00
0.000000000000000000e+00
1.710096136915718046e-01
1.690696914674764129e+00
7.236404780643819201e-01
0.000000000000000000e+00
3.714688989945876818e-01
1.499981080690210855e-01
7.893902192222118641e-01
1.949692684139191501e-01
1.212999779922117050e-01
2.013460299644221352e-01
5.000000000000000000e+00
1.219532975684799181e-01
1.171617133930553389e-01
2.384206925838242563e-01
4.330563190440784638e+00
0.000000000000000000e+00
2.142396531819092120e-01
1.927195415039773208e+00
5.000000000000000000e+00
5.408966604062763750e-01
0.000000000000000000e+00
4.776059570373283325e-01
2.943019888804738304e+00
0.000000000000000000e+00
1.977336961483078248e-01
6.272957951976975144e-01
3.977041541453991247e+00
5.193620293168563773e-01
9.002101587224814461e-02
3.667633552637857619e+00
3.977041541453991247e+00
0.000000000000000000e+00
0.000000000000000000e+00
1.527264540176534791e+00
4.454469921723877235e+00
9.007893960690786794e-02
1.348415980607778619e-01
3.377731857820102102e-01
2.986806750764505303e+00
0.000000000000000000e+00
1.478925383317798159e-01
0.000000000000000000e+00
4.153978265911702827e+00
2.312297564405562111e-01
1.229841834469703521e+00
6.367007418347586656e-01
5.000000000000000000e+00
7.381971756327783407e-02
6.038681006851611688e-01
1.638562131372059971e+00
3.376297126045750829e+00
4.232440202253174300e-01
2.671791411671218253e+00
1.757734113402638076e-01
5.219566888364930435e-01
1.369605044289519125e-01
3.261302490806139431e-01
1.264434096644802219e+00
3.922254749023448728e+00
1.444282114150172713e-01
2.803249553073762224e-01
2.717357606492965538e-01
2.133750955702257812e+00
0.000000000000000000e+00
1.143225233514536310e+00
3.426977892099525302e-01
4.826326074145236511e+00
1.243079576005355014e+00
1.869695313241437340e-01
1.527111864684455589e-01
3.905125015217001394e+00
0.000000000000000000e+00
2.049558789462611053e-01
1.517044151123218276e-01
4.245814795441507528e+00
0.000000000000000000e+00
1.711258684534112118e-01
2.226671495656230348e+00
2.713834139440491455e+00
0.000000000000000000e+00
1.743055957799014011e-01
5.547855687617149201e-01
5.000000000000000000e+00
0.000000000000000000e+00
0.000000000000000000e+00
1.416399117399489982e-01
4.543118843624494474e+00
0.000000000000000000e+00
0.000000000000000000e+00
5.697756015804384955e-01
4.503637997618719524e+00
0.000000000000000000e+00
4.480779823329978928e-01
1.143437294078554434e+00
1.997232609572154871e+00
0.000000000000000000e+00
1.069805466224792723e-01
4.980815018341522293e-01
1.866613896291291930e+00
0.000000000000000000e+00
1.655092786316938736e-01
3.329252050309890354e+00
4.153978265911702827e+00
0.000000000000000000e+00
9.174370759776245832e-02
5.443336031249348395e-01
4.637995361718050269e+00
0.000000000000000000e+00
0.000000000000000000e+00
4.163820930777983875e-01
4.577955068889484558e+00
9.160954343086591400e-02
1.090943837725367516e+00
5.939308893829948754e-01
3.429827507126424813e+00
0.000000000000000000e+00
1.034656785185457534e-01
1.198586021821259062e-01
6.865422306610530212e-01
0.000000000000000000e+00
9.594710476515785902e-02
3.314837215106281598e-01
1.855053771765253323e+00
0.000000000000000000e+00
1.660236793669020716e-01
3.504640158919437032e-01
4.194467273189207646e+00
0.000000000000000000e+00
1.146925466527638771e-01
1.482187544101670973e+00
8.501684526140141918e-01
0.000000000000000000e+00
1.357058737514445779e-01
4.803592670454904789e-01
4.637995361718050269e+00
0.000000000000000000e+00
7.525638364852110795e-02
2.376742150631983908e+00
4.542348853955703314e-01
0.000000000000000000e+00
1.626179955207900929e-01
3.723162882801681839e+00
3.329979587491366466e+00
1.214916845075179191e-01
1.096854036384084408e+00
7.791267893350327656e-01
4.153978265911702827e+00
0.000000000000000000e+00
1.116260285329826463e+00
1.641686038412395465e+00
4.142455908588881464e+00
0.000000000000000000e+00
8.044333708337640665e-02
4.980815018341522293e-01
4.449804668243629635e+00
0.000000000000000000e+00
1.741933324309531184e+00
1.786519627007624234e+00
2.968761101767962263e+00
0.000000000000000000e+00
1.741440036657112833e-01
1.172779412063915117e-01
4.151767316338973224e+00
0.000000000000000000e+00
2.231650047544285198e-01
4.185128484758554812e+00
3.977041541453991247e+00
0.000000000000000000e+00
2.093724550083946312e-01
1.352986383515645485e+00
6.835040430854339988e-01
7.025202198657441721e-02
2.864584897057996127e+00
2.390051080592844879e-01
2.569442973469612035e+00
5.670664504739970635e-01
1.011536711957187890e-01
3.276377922636042328e+00
4.106658107456311879e-01
2.003820102603822484e+00
0.000000000000000000e+00
6.272957951976975144e-01
3.033128910576768256e+00
0.000000000000000000e+00
1.175959658614843112e-01
8.553053451149977837e-01
4.449804668243629635e+00
8.886239650665209155e-02
9.470514252327990601e-01
1.120331780642743968e+00
3.977041541453991247e+00
